2
4
3
12
20
3
4
6
7
9
10
11
8
24
12
10
3
3
11
9
9
9
7
4
4
3
4
3
3
4
5
5
6
8
5
4
4
4
4
4
4
4
4
6
4
4
4
4
6
4
4
11
11
8
8
6
7
8
13
8
7
8
8
13
9
7
7
6
4
4
3
4
4
5
5
4
5
5
5
4
5
7
4
4
5
5
4
4
4
4
4
4
4
6
9
5
4
3
4
3
4
4
4
3
6
4
4
3
4
4
4
7
4
4
4
4
4
4
4
4
4
5
4
4
4
7
5
5
6
5
4
4
4
4
4
3
4
3
4
4
4
8
5
4
4
4
4
5
4
4
5
5
4
4
4
4
5
5
4
4
4
4
4
5
7
4
4
4
4
4
5
7
5
5
4
3
4
4
5
4
4
4
4
4
4
3
4
3
4
4
4
4
3
6
11
11
11
10
11
11
10
10
3
3
4
8
4
3
4
3
4
4
4
3
3
3
4
4
4
3
3
4
3
3
4
6
4
3
4
3
3
6
3
4
4
4
7
3
3
4
3
4
3
3
3
3
4
3
3
3
3
4
3
3
3
3
4
4
6
6
5
8
4
4
4
3
4
3
5
5
5
4
3
6
5
4
4
3
4
3
3
4
3
5
11
13
11
11
12
12
9
13
8
4
4
3
4
3
4
3
